0.003
0.002
0.002
0.002
0.002
0.002
0.001
0.001
0.002
0.002
0.002
0.002
0.002
0.002
0.002
0.002
0.002
0.002
0.002
0.002
0.002
0.002
0.004
0.002
0.002
0.002
0.003
0.003
0.003
0.002
0.002
0.002
0.003
0.003
0.002
0.002
0.002
0.002
0.002
0.003
0.005
0.003
0.004
0.003
0.003
0.003
0.003
0.003
0.004
0.003
0.004
0.005
0.004
0.004
0.005
0.004
0.003
0.005
0.004
0.004
0.004
0.004
0.004
0.004
0.005
0.005
0.008
0.005
0.004
0.005
0.005
0.005
0.006
0.005
0.005
0.007
0.005
0.005
0.005
0.005
0.006
0.006
0.006
0.006
0.010
0.009
0.007
0.008
0.007
0.008
0.007
0.007
0.008
0.008
0.007
0.007
0.010
0.008
0.011
0.008
0.008
0.008
0.010
0.008
0.008
0.010
0.011
0.012
0.011
0.009
0.009
0.009
0.011
0.010
0.009
0.012
0.011
0.010
0.013
0.011
0.011
0.012
0.011
0.014
0.012
0.011
0.017
0.013
0.013
0.012
0.014
0.013
0.013
0.013
0.013
0.015
0.013
0.014
0.014
0.017
0.014
0.015
0.015
0.016
0.014
0.017
0.015
0.016
0.017
0.018
0.015
0.017
0.016
0.017
0.016
0.018
0.018
0.017
0.017
0.017
0.021
0.020
0.018
0.019
0.018
0.019
0.022
0.021
0.021
0.021
0.019
0.024
0.022
0.020
0.021
0.021
0.021
0.021
0.021
0.021
0.021
0.025
0.022
0.023
0.023
0.024
0.026
0.026
0.023
0.024
0.023
0.024
0.025
0.025
0.027
0.027
0.029
0.026
0.026
0.028
0.026
0.027
0.026
0.027
0.027
0.028
0.028
0.030
0.031
0.028
0.028
0.031
0.031
0.030
0.029
0.030
0.030
0.030
0.030
0.033
0.031
0.033
0.037
0.033
0.032
0.032
0.033
0.032
0.034
0.033
0.035
0.036
0.038
0.038
0.035
0.036
0.037
0.035
0.037
0.037
0.037
0.040
0.038
0.038
0.040
0.038
0.040
0.038
0.038
0.039
0.039
0.042
0.039
0.040
0.040
0.041
0.041
0.041
0.041
0.043
0.044
0.043
0.046
0.043
0.043
0.045
0.044
0.045
0.047
0.050
0.045
0.048
0.048
0.048
0.049
0.048
0.049
0.048
0.050
0.049
0.051
0.049
0.052
0.051
0.053
0.051
0.052
0.052
0.051
0.052
0.052
0.052
0.052
0.055
0.056
0.053
0.054
0.054
0.055
0.056
0.058
0.057
0.060
0.058
0.057
0.058
0.061
0.059
0.062
0.059
0.061
0.066
0.062
0.061
0.063
0.061
0.062
0.062
0.062
0.064
0.064
0.064
0.067
0.066
0.064
0.066
0.067
0.069
0.073
0.068
0.068
0.069
0.071
0.067
0.068
0.070
0.069
0.071
0.071
0.069
0.074
0.073
0.073
0.071
0.076
0.077
0.075
0.076
0.078
0.076
0.076
0.079
0.088
0.086
0.082
0.083
0.083
0.081
0.082
0.088
0.103
0.085
0.084
0.087
0.083
0.080
0.083
0.083
0.082
0.082
0.084
0.084
0.085
0.085
0.091
0.086
0.088
0.085
0.085
0.086
0.089
0.101
0.095
0.091
0.089
0.089
0.096
0.092
0.094
0.092
0.093
0.095
0.096
0.093
0.098
0.094
0.099
0.094
0.097
0.099
0.097
0.098
0.107
0.099
0.100
0.101
0.102
0.107
0.102
0.102
0.103
0.105
0.128
0.109
0.108
0.115
0.107
0.107
0.108
0.109
0.107
0.109
0.108
0.110
0.110
0.109
0.110
0.112
0.120
0.118
0.126
0.119
0.135
0.129
0.115
0.120
0.117
0.120
0.117
0.115
0.115
0.117
0.122
0.121
0.120
0.121
0.122
0.123
0.125
0.123
0.131
0.124
0.121
0.123
0.124
0.122
0.129
0.130
0.132
0.130
0.131
0.127
0.127
0.133
0.132
0.130
0.134
0.130
0.131
0.132
0.133
0.133
0.131
0.134
0.135
0.135
0.135
0.146
0.138
0.139
0.141
0.142
0.138
0.139
0.143
0.142
0.143
0.140
0.145
0.145
0.152
0.144
0.149
0.145
0.152
0.151
0.144
0.150
0.167
