0.003
0.002
0.002
0.002
0.002
0.002
0.001
0.001
0.001
0.002
0.001
0.002
0.002
0.003
0.002
0.002
0.002
0.002
0.003
0.002
0.002
0.002
0.003
0.003
0.003
0.002
0.002
0.002
0.002
0.003
0.003
0.003
0.002
0.003
0.002
0.002
0.003
0.004
0.003
0.004
0.003
0.005
0.003
0.003
0.003
0.003
0.004
0.003
0.003
0.003
0.003
0.004
0.003
0.003
0.003
0.003
0.004
0.004
0.005
0.004
0.004
0.004
0.004
0.004
0.004
0.005
0.005
0.007
0.005
0.005
0.005
0.005
0.006
0.005
0.005
0.005
0.005
0.006
0.006
0.008
0.008
0.007
0.006
0.006
0.007
0.006
0.007
0.008
0.008
0.006
0.008
0.007
0.007
0.008
0.008
0.007
0.009
0.010
0.008
0.008
0.008
0.008
0.008
0.008
0.012
0.009
0.008
0.011
0.010
0.009
0.009
0.012
0.009
0.009
0.009
0.009
0.009
0.011
0.010
0.011
0.013
0.010
0.010
0.011
0.010
0.012
0.012
0.011
0.014
0.011
0.011
0.012
0.011
0.014
0.012
0.014
0.016
0.015
0.013
0.013
0.014
0.015
0.014
0.013
0.014
0.014
0.015
0.014
0.014
0.015
0.016
0.019
0.016
0.015
0.016
0.015
0.016
0.015
0.018
0.016
0.016
0.016
0.018
0.017
0.018
0.019
0.017
0.018
0.017
0.021
0.019
0.018
0.019
0.018
0.019
0.020
0.021
0.020
0.020
0.019
0.020
0.022
0.021
0.022
0.021
0.020
0.024
0.023
0.022
0.023
0.023
0.024
0.024
0.023
0.024
0.024
0.025
0.023
0.024
0.025
0.024
0.024
0.024
0.025
0.025
0.026
0.029
0.025
0.027
0.029
0.026
0.028
0.027
0.028
0.028
0.027
0.032
0.028
0.028
0.029
0.029
0.031
0.031
0.029
0.029
0.029
0.036
0.031
0.030
0.031
0.031
0.032
0.032
0.035
0.033
0.032
0.034
0.032
0.032
0.033
0.036
0.033
0.034
0.034
0.036
0.035
0.038
0.038
0.036
0.037
0.036
0.037
0.038
0.037
0.037
0.040
0.039
0.039
0.038
0.039
0.041
0.041
0.039
0.040
0.041
0.041
0.042
0.044
0.041
0.042
0.042
0.042
0.043
0.044
0.044
0.043
0.043
0.045
0.044
0.048
0.045
0.045
0.047
0.045
0.046
0.046
0.049
0.046
0.049
0.047
0.048
0.047
0.049
0.048
0.051
0.048
0.049
0.051
0.050
0.054
0.050
0.050
0.051
0.052
0.052
0.054
0.052
0.054
0.053
0.056
0.053
0.056
0.054
0.057
0.055
0.056
0.056
0.058
0.058
0.056
0.060
0.059
0.057
0.058
0.061
0.060
0.059
0.060
0.060
0.060
0.061
0.062
0.063
0.063
0.063
0.064
0.061
0.063
0.062
0.063
0.063
0.063
0.064
0.065
0.065
0.067
0.066
0.066
0.067
0.069
0.067
0.068
0.068
0.070
0.069
0.071
0.070
0.071
0.070
0.072
0.070
0.134
0.074
0.075
0.073
0.073
0.073
0.075
0.073
0.075
0.074
0.077
0.076
0.076
0.076
0.077
0.076
0.078
0.078
0.080
0.079
0.080
0.079
0.079
0.081
0.088
0.081
0.081
0.081
0.084
0.082
0.081
0.084
0.085
0.085
0.085
0.084
0.087
0.086
0.086
0.089
0.087
0.092
0.091
0.088
0.089
0.089
0.090
0.088
0.091
0.092
0.093
0.092
0.094
0.091
0.099
0.092
0.095
0.094
0.096
0.096
0.096
0.097
0.097
0.096
0.096
0.098
0.098
0.098
0.098
0.100
0.100
0.106
0.099
0.102
0.106
0.103
0.103
0.118
0.103
0.106
0.106
0.111
0.107
0.108
0.109
0.109
0.109
0.110
0.110
0.117
0.111
0.124
0.111
0.112
0.111
0.111
0.113
0.113
0.113
0.115
0.115
0.113
0.113
0.114
0.117
0.116
0.117
0.119
0.118
0.117
0.120
0.119
0.121
0.122
0.119
0.122
0.123
0.124
0.124
0.123
0.125
0.123
0.124
0.125
0.126
0.126
0.128
0.127
0.127
0.127
0.129
0.129
0.131
0.129
0.130
0.130
0.133
0.132
